n_classes: 2
size: 4
n_linears: 2
hidden_dims:
- 16
- 8
n_rnns: 3
rnn_hidden_dim: 128
rnn_dropout: 0.4
pos_weight: 4.0
lr: 0.0022148082163171586
weight_decay: 1.2402857806389257e-05
scheduler_rate: 0.9985670143960891
pretrained_path: models/passing/pass_model_lstm_ep30.pth
