hidden_dims:
- 16
- 8
lr: 0.0006674260058689215
n_classes: 2
n_linears: 2
n_rnns: 1
pos_weight: 4
pretrained_path: models/passing/pass_model_lstm_ep30.pth
rnn_dropout: 0.0
rnn_hidden_dim: 32
scheduler_rate: 0.9907573960657149
size: 4
weight_decay: 0.0001984541022787955
